Fitness: -71.63880316602511
Objective: 4.208803166025106
Individual: 2.78299 -0.27945 -2.24285 -0.42300 3.38870 -4.11491 4.06783 2.99396 2.46436 2.79123 
Gradient: 1.87193 0.87981 0.19086 1.83053 -0.70669 -0.32770 0.71639 -1.04992 -2.22641 -1.41086 
Xopt: 1.84703 -0.71935 -2.33828 -1.33826 3.74205 -3.95106 3.70964 3.51892 3.57756 3.49666 
Fopt: 67.43
F(Xopt): 67.43
