Fitness: -31.71410487434077
Objective: 2.394104874340769
Individual: 2.04100 0.00000 1.77702 -2.95521 -0.48193 2.40834 0.14504 3.43771 -3.81466 3.46610 
Gradient: 0.38939 NaN -0.89415 0.24963 1.62868 1.95243 -0.38545 0.55719 0.12737 0.00556 
Xopt: 1.84631 0.63700 2.22410 -3.08002 -1.29627 1.43213 0.33776 3.15911 -3.87834 3.46332 
Fopt: 29.32
F(Xopt): 29.32
