Fitness: -34.06181381254301
Objective: 3.0718138125430094
Individual: 2.61817 3.43814 2.40698 0.67498 3.86363 -0.74886 0.04498 0.61631 0.00000 3.35035 
Gradient: 1.55376 2.61331 0.49246 -0.10536 0.85621 0.27336 -1.37932 -0.04827 NaN 0.24077 
Xopt: 1.84129 2.13149 2.16075 0.72766 3.43553 -0.88554 0.73464 0.64045 -0.06965 3.22997 
Fopt: 30.99
F(Xopt): 30.99
