Fitness: -61.134118548449415
Objective: 0.49411854844941416
Individual: 2.15031 -2.37587 1.03927 0.45122 0.68733 -1.49960 -1.28984 3.59357 3.22087 3.65746 
Gradient: 0.60514 -0.60032 -0.12015 0.09545 -0.18606 -0.33069 -0.74271 -0.57033 0.37482 0.25493 
Xopt: 1.84774 -2.07571 1.09934 0.40350 0.78036 -1.33425 -0.91849 3.87873 3.03346 3.52999 
Fopt: 60.64
F(Xopt): 60.64
