Fitness: 64.12262827551825
Objective: 1.3173717244817453
Individual: 2.30855 0.76823 -2.99866 2.04593 0.00000 1.24829 -3.88867 1.28354 -0.53789 3.12171 
Gradient: 0.93309 -0.01380 -1.19407 -0.84697 NaN -0.96596 0.00963 0.56656 0.15171 -0.28318 
Xopt: 1.84201 0.77513 -2.40163 2.46942 0.47384 1.73127 -3.89349 1.00026 -0.61375 3.26330 
Fopt: -65.44
F(Xopt): -65.44
