Fitness: -51.445383101982195
Objective: 1.715383101982198
Individual: 2.10615 1.67478 -1.41257 2.70551 1.00512 -1.02026 -3.20960 2.64859 -3.38321 4.30405 
Gradient: 0.52112 -0.63716 -0.39810 -0.94541 -1.32060 0.32885 -0.35098 -0.30143 -0.09794 1.74813 
Xopt: 1.84559 1.99336 -1.21352 3.17822 1.66542 -1.18468 -3.03411 2.79930 -3.33424 3.42998 
Fopt: 49.73
F(Xopt): 49.73
