Fitness: 138.4871837639731
Objective: 0.38281623602691184
Individual: 1.49078 -3.24068 0.00000 0.00000 -0.33549 1.41708 -1.74388 2.09301 -2.49720 3.60158 
Gradient: -0.70676 0.10651 NaN NaN 0.15144 -0.32924 0.06797 0.02666 -0.50231 0.47653 
Xopt: 1.84416 -3.29393 -0.08876 -0.30530 -0.41121 1.58170 -1.77786 2.07969 -2.24604 3.36331 
Fopt: -138.87
F(Xopt): -138.87
