Fitness: 8.880014196334008
Objective: 3.1999858036659923
Individual: 3.25548 -3.09530 -4.12738 2.27008 -1.62380 1.22878 2.08932 -3.74382 2.31546 3.97939 
Gradient: 2.81405 0.67352 -1.32868 0.24965 1.11504 -0.10755 -0.72814 0.03527 -0.34781 0.83212 
Xopt: 1.84846 -3.43206 -3.46304 2.14526 -2.18132 1.28256 2.45339 -3.76146 2.48936 3.56333 
Fopt: -12.08
F(Xopt): -12.08
