Fitness: -66.93342162466273
Objective: 4.803421624662725
Individual: 2.45888 3.22455 0.00000 4.59462 1.88995 2.97657 -3.31221 -3.30070 1.46776 2.81474 
Gradient: 1.21941 0.02594 NaN 1.41521 -1.93408 -1.84559 -2.27494 0.20190 -0.95500 -1.56386 
Xopt: 1.84918 3.21158 -0.02542 3.88702 2.85699 3.89937 -2.17474 -3.40165 1.94526 3.59667 
Fopt: 62.13
F(Xopt): 62.13
