Fitness: -13.737211041562583
Objective: 13.737211041562583
Individual: 0.25706 0.00000 -2.80800 0.22928 0.00000 -4.00909 2.12401 2.37532 -3.98530 0.00000 
Gradient: 954.24641 NaN -213.93897 -57.76465 NaN 357.32630 353.07021 246.91196 -559.88991 NaN 
Xopt: 1.84559 1.99336 -1.21352 3.17822 1.66542 -1.18468 -3.03411 2.79930 -3.33424 3.42998 
Fopt: 0.0
F(Xopt): 0.0
