Fitness: -21.109489243830385
Objective: 21.109489243830385
Individual: 4.52850 0.11157 0.19814 2.39175 -0.64729 -5.00000 2.79314 0.74038 4.94973 2.93010 
Gradient: -809.68658 24.44527 -265.07170 -936.91935 -996.57089 1242.12534 2634.17870 -219.13688 -323.05336 919.15271 
Xopt: 1.84488 3.34971 3.34886 1.43646 -3.37290 -3.80149 1.59401 2.43950 -2.79014 3.39665 
Fopt: 0.0
F(Xopt): 0.0
