Fitness: -16.653411825701287
Objective: 16.653411825701287
Individual: -1.46591 2.21064 -0.66032 2.35878 0.00000 0.00000 0.00000 3.54839 0.00000 3.86889 
Gradient: 206.53169 -98.76620 31.71936 898.66800 NaN NaN NaN -176.42724 NaN 228.87590 
Xopt: 1.84129 2.13149 2.16075 0.72766 3.43553 -0.88554 0.73464 0.64045 -0.06965 3.22997 
Fopt: 0.0
F(Xopt): 0.0
