Fitness: -20.088766015228774
Objective: 20.088766015228774
Individual: -3.11010 -2.03094 -3.39793 -3.79445 5.00000 -2.90068 3.35356 3.77347 2.55858 -1.47586 
Gradient: -352.94964 577.70354 175.35804 -960.97381 -480.42745 343.83742 -2051.40613 -578.90023 134.69687 -800.13203 
Xopt: 1.84703 -0.71935 -2.33828 -1.33826 3.74205 -3.95106 3.70964 3.51892 3.57756 3.49666 
Fopt: 0.0
F(Xopt): 0.0
