Fitness: -15.458378629363226
Objective: 15.458378629363226
Individual: 1.52238 2.88619 1.72572 4.37194 1.75481 -4.74713 -4.82498 0.20549 2.40495 4.60416 
Gradient: 760.80523 2161.79104 -1777.08913 -1111.57786 -1650.44118 1286.12440 -510.69885 -1510.99305 771.23457 1435.12871 
Xopt: 1.84774 -2.07571 1.09934 0.40350 0.78036 -1.33425 -0.91849 3.87873 3.03346 3.52999 
Fopt: 0.0
F(Xopt): 0.0
