Fitness: -11.146285650451
Objective: 11.146285650451
Individual: 0.00000 -2.45516 0.00000 -4.91312 0.00000 0.00000 0.64931 0.00000 0.00000 2.15789 
Gradient: NaN -3245.16231 NaN 155.65672 NaN NaN -216.88959 NaN NaN -1402.11633 
Xopt: 1.84416 -3.29393 -0.08876 -0.30530 -0.41121 1.58170 -1.77786 2.07969 -2.24604 3.36331 
Fopt: 0.0
F(Xopt): 0.0
