Fitness: -22.06293929812445
Objective: 22.06293929812445
Individual: 2.03575 -1.07457 -2.77416 2.48231 -3.25961 -3.61030 2.40871 4.83621 4.68371 -1.92564 
Gradient: -419.35616 -391.31939 3430.89754 820.43533 -220.24952 1013.82363 -984.49848 -4389.42271 -933.88363 -1750.43168 
Xopt: 1.84846 -3.43206 -3.46304 2.14526 -2.18132 1.28256 2.45339 -3.76146 2.48936 3.56333 
Fopt: 0.0
F(Xopt): 0.0
