Fitness: -21.444196487405797
Objective: 21.444196487405797
Individual: -2.50762 3.25160 -3.83617 -4.29022 0.88574 -3.51862 -1.97407 -3.79808 -4.80932 0.82005 
Gradient: -3652.23836 1145.77213 -1976.52840 -771.38105 17.38381 -1349.54112 318.24446 -703.77256 -265.26754 1092.03147 
Xopt: 1.84201 0.77513 -2.40163 2.46942 0.47384 1.73127 -3.89349 1.00026 -0.61375 3.26330 
Fopt: 0.0
F(Xopt): 0.0
