Fitness: -71.68225267639345
Objective: 9.552252676393444
Individual: -0.94789 3.15089 -2.70093 0.87526 4.78549 0.76729 2.53161 2.21895 -4.28978 0.00000 
Gradient: -909.78668 232.32032 -1221.37898 -548.38616 -337.52560 -537.16159 660.50132 -704.24329 1831.42068 NaN 
Xopt: 1.84918 3.21158 -0.02542 3.88702 2.85699 3.89937 -2.17474 -3.40165 1.94526 3.59667 
Fopt: 62.13
F(Xopt): 62.13
