Fitness: -82.33393158535847
Objective: 14.903931585358464
Individual: -4.21471 3.74659 0.68063 3.20267 3.17983 2.89410 2.79971 4.17871 1.03767 3.83009 
Gradient: 1961.51425 633.27279 2035.61218 381.95546 164.08687 505.29517 1404.75479 -632.71828 253.88241 1426.04627 
Xopt: 1.84703 -0.71935 -2.33828 -1.33826 3.74205 -3.95106 3.70964 3.51892 3.57756 3.49666 
Fopt: 67.43
F(Xopt): 67.43
