Fitness: 46.564780312296236
Objective: 18.875219687703762
Individual: -4.41377 4.23831 1.95234 -0.33764 -2.23321 -3.68791 0.00000 0.00000 0.00000 1.91365 
Gradient: -801.34770 -471.09653 -1125.09501 1624.06120 -113.10782 381.18378 NaN NaN NaN -409.29600 
Xopt: 1.84201 0.77513 -2.40163 2.46942 0.47384 1.73127 -3.89349 1.00026 -0.61375 3.26330 
Fopt: -65.44
F(Xopt): -65.44
