Fitness: 118.95321698552323
Objective: 19.916783014476778
Individual: -2.83358 0.00000 3.56263 -4.30105 -2.36907 0.00000 2.37758 -1.92405 4.21175 1.69426 
Gradient: -1321.95241 NaN -105.16722 246.77365 1997.64459 NaN -1213.37694 -1656.39066 1361.81115 669.41288 
Xopt: 1.84416 -3.29393 -0.08876 -0.30530 -0.41121 1.58170 -1.77786 2.07969 -2.24604 3.36331 
Fopt: -138.87
F(Xopt): -138.87
