Fitness: -71.26072685719447
Objective: 21.530726857194473
Individual: -2.83404 -2.20837 -0.96612 4.75639 2.53842 2.80663 -1.08258 1.33179 -1.97676 3.47147 
Gradient: -429.42332 183.18179 -1681.17106 -384.20347 -380.03192 559.77777 747.52248 -1040.22583 1775.45253 1298.00584 
Xopt: 1.84559 1.99336 -1.21352 3.17822 1.66542 -1.18468 -3.03411 2.79930 -3.33424 3.42998 
Fopt: 49.73
F(Xopt): 49.73
