Fitness: -7.738052768216482
Objective: 19.818052768216482
Individual: -4.17413 2.99363 0.34422 3.00256 1.56828 3.54269 -3.00233 -1.73167 2.95899 -0.84083 
Gradient: 862.00103 -170.65322 1463.92191 -942.17160 -556.79017 73.43658 -127.89994 -836.82720 471.25745 -743.19639 
Xopt: 1.84846 -3.43206 -3.46304 2.14526 -2.18132 1.28256 2.45339 -3.76146 2.48936 3.56333 
Fopt: -12.08
F(Xopt): -12.08
