Fitness: 90.16513325695442
Objective: 13.794866743045574
Individual: -4.13335 3.32938 -1.74612 3.03031 -4.08615 3.59818 3.61383 4.88935 2.98506 3.49212 
Gradient: -1416.84718 -188.05056 144.48445 -699.03065 -1182.57361 1306.79551 1062.37920 962.21252 -1872.06779 319.26233 
Xopt: 1.84488 3.34971 3.34886 1.43646 -3.37290 -3.80149 1.59401 2.43950 -2.79014 3.39665 
Fopt: -103.96
F(Xopt): -103.96
