Fitness: -69.51511382564928
Objective: 8.87511382564928
Individual: -2.19786 3.32636 -3.88957 4.69872 -4.34865 3.06986 0.17134 3.15488 0.00000 0.00000 
Gradient: 399.82580 85.28646 674.87594 500.65642 704.33745 -631.16425 1043.77230 -309.88661 NaN NaN 
Xopt: 1.84774 -2.07571 1.09934 0.40350 0.78036 -1.33425 -0.91849 3.87873 3.03346 3.52999 
Fopt: 60.64
F(Xopt): 60.64
