Fitness: -107.80615432131899
Objective: 76.81615432131899
Individual: -0.66032 2.35878 -1.60130 -2.66506 2.23173 0.86937 1.27399 0.44399 3.02579 2.66441 
Gradient: 2072.69396 -1215.60884 1096.07301 673.13404 -731.75541 -1795.76439 5421.15082 1009.68348 2431.17791 -7140.77852 
Xopt: 1.84129 2.13149 2.16075 0.72766 3.43553 -0.88554 0.73464 0.64045 -0.06965 3.22997 
Fopt: 30.99
F(Xopt): 30.99
