Fitness: -153.91717668872136
Objective: 86.48717668872135
Individual: 0.00000 3.49638 -4.06038 0.65148 4.47068 -2.24861 -1.61485 -0.20408 3.60321 0.19700 
Gradient: NaN 52.87908 652.30712 -849.65662 -2031.02947 1397.33467 667.28067 -1169.14726 -608.36235 -240.86687 
Xopt: 1.84703 -0.71935 -2.33828 -1.33826 3.74205 -3.95106 3.70964 3.51892 3.57756 3.49666 
Fopt: 67.43
F(Xopt): 67.43
