Fitness: -67.98998079351264
Objective: 80.06998079351264
Individual: 0.00000 -1.92240 -1.48181 3.60034 4.56592 0.43150 4.36908 -2.82449 0.00000 0.00000 
Gradient: NaN 131.02627 -1192.23623 -2828.36074 53.19407 -1351.33800 4843.25081 -860.69302 NaN NaN 
Xopt: 1.84846 -3.43206 -3.46304 2.14526 -2.18132 1.28256 2.45339 -3.76146 2.48936 3.56333 
Fopt: -12.08
F(Xopt): -12.08
