Fitness: 22.27052129265669
Objective: 43.16947870734331
Individual: -0.20273 2.33114 -1.47028 2.56794 3.41018 -0.68867 0.57486 2.00553 0.11386 3.53492 
Gradient: -56.77213 -46.55138 3.50395 -15.26937 -142.23194 -8.36256 105.98828 -17.21945 -10.85369 13.28453 
Xopt: 1.84201 0.77513 -2.40163 2.46942 0.47384 1.73127 -3.89349 1.00026 -0.61375 3.26330 
Fopt: -65.44
F(Xopt): -65.44
