Fitness: -135.8994095159297
Objective: 86.16940951592971
Individual: 0.00000 0.00000 4.56058 1.19314 -1.62088 0.11469 -0.40167 4.25835 0.00000 -2.28540 
Gradient: NaN NaN -766.49334 -1280.36811 806.27727 -1377.35380 1275.15237 281.50851 NaN -612.46593 
Xopt: 1.84559 1.99336 -1.21352 3.17822 1.66542 -1.18468 -3.03411 2.79930 -3.33424 3.42998 
Fopt: 49.73
F(Xopt): 49.73
