Fitness: 34.196451416362095
Objective: 69.7635485836379
Individual: 2.98047 -3.18474 -0.81334 1.94266 -4.57977 -2.71961 -0.01016 -3.92014 -4.86671 4.79178 
Gradient: -741.30528 -383.42595 -1.79008 -229.15104 502.08050 191.96825 29.63755 110.61855 -425.62833 -818.28540 
Xopt: 1.84488 3.34971 3.34886 1.43646 -3.37290 -3.80149 1.59401 2.43950 -2.79014 3.39665 
Fopt: -103.96
F(Xopt): -103.96
