Fitness: -78.52032753621612
Objective: 217.39032753621612
Individual: -4.82398 -1.85258 0.00000 -1.03881 -2.95321 -3.81308 2.16896 -4.35589 0.64931 -4.68380 
Gradient: -75.81390 -160.17639 NaN -98.08578 -107.34835 92.90377 -85.75827 -2.16990 84.71704 -52.76443 
Xopt: 1.84416 -3.29393 -0.08876 -0.30530 -0.41121 1.58170 -1.77786 2.07969 -2.24604 3.36331 
Fopt: -138.87
F(Xopt): -138.87
