Fitness: -92.3223941533268
Objective: 63.0023941533268
Individual: -1.05995 0.23762 -0.67929 -1.67227 -4.58201 0.00000 0.00000 2.16622 0.00000 3.75567 
Gradient: 3939.65955 3451.78961 -2961.55017 2121.22112 -456.24036 NaN NaN 1128.57007 NaN 4102.22634 
Xopt: 1.84631 0.63700 2.22410 -3.08002 -1.29627 1.43213 0.33776 3.15911 -3.87834 3.46332 
Fopt: 29.32
F(Xopt): 29.32
