Fitness: -249.87801782858202
Objective: 187.74801782858202
Individual: 4.51022 4.57606 -3.45825 0.04439 -4.25690 -1.22022 1.09210 -1.40620 -4.14342 4.90250 
Gradient: 2565.88818 -4292.51236 -3361.47695 -4217.83512 8610.19037 72.43820 7941.42371 -979.45334 -972.97680 2526.79142 
Xopt: 1.84918 3.21158 -0.02542 3.88702 2.85699 3.89937 -2.17474 -3.40165 1.94526 3.59667 
Fopt: 62.13
F(Xopt): 62.13
