Fitness: -143.7907729467773
Objective: 83.15077294677731
Individual: 0.00000 2.69618 2.87232 0.00000 -2.90203 0.00000 0.53772 0.00000 0.00000 0.00000 
Gradient: NaN -255.74151 -111.23732 NaN -460.09758 NaN 481.85712 NaN NaN NaN 
Xopt: 1.84774 -2.07571 1.09934 0.40350 0.78036 -1.33425 -0.91849 3.87873 3.03346 3.52999 
Fopt: 60.64
F(Xopt): 60.64
