Fitness: -8.551665448191597
Objective: 8.551665448191597
Individual: 4.99826 4.17519 0.95026 0.80428 -1.55318 -0.35362 -3.38334 -0.24353 -0.94153 -1.12337 
Gradient: 3092.60908 3239.62602 1607.22319 5697.47789 -4228.64920 -5493.63889 -1418.03325 -5325.40419 -4797.19724 -2047.07169 
Xopt: 1.84559 1.99336 -1.21352 3.17822 1.66542 -1.18468 -3.03411 2.79930 -3.33424 3.42998 
Fopt: 0.0
F(Xopt): 0.0
