Fitness: -5.106530715820631
Objective: 5.106530715820631
Individual: 0.50026 2.24779 4.11613 2.37195 3.19277 4.82784 -3.97761 0.26317 2.27665 -2.72988 
Gradient: 2551.43854 5717.59187 3418.37731 2944.27193 2179.23839 3421.84893 -1383.65995 1075.53635 3871.96501 -3509.98364 
Xopt: 1.84416 -3.29393 -0.08876 -0.30530 -0.41121 1.58170 -1.77786 2.07969 -2.24604 3.36331 
Fopt: 0.0
F(Xopt): 0.0
