Fitness: -2.4615111903560076
Objective: 2.4615111903560076
Individual: 3.65998 4.42206 -2.53747 -2.29992 -1.53787 -3.48450 -4.30219 -2.33844 2.91127 1.98688 
Gradient: 954.78614 542.32781 -809.63383 -3137.65067 -2208.37036 -929.51428 -909.30018 -1110.27737 659.99008 1341.20533 
Xopt: 1.84703 -0.71935 -2.33828 -1.33826 3.74205 -3.95106 3.70964 3.51892 3.57756 3.49666 
Fopt: 0.0
F(Xopt): 0.0
