Fitness: -1.2316206370408271
Objective: 1.2316206370408271
Individual: -1.68910 1.65107 -2.12936 1.54026 4.03694 2.78275 -4.19770 -4.61428 1.26432 -1.52639 
Gradient: -596.30649 532.73465 -913.70706 833.08430 549.62173 1018.20096 -698.49188 -932.12622 836.65628 -611.12438 
Xopt: 1.84918 3.21158 -0.02542 3.88702 2.85699 3.89937 -2.17474 -3.40165 1.94526 3.59667 
Fopt: 0.0
F(Xopt): 0.0
