Fitness: -2.089897095094396
Objective: 2.089897095094396
Individual: -1.68096 -2.74240 -1.49739 -1.08398 0.26627 -3.05374 3.89994 3.38099 -1.78425 2.94317 
Gradient: -1433.51099 -2298.36587 -1393.81320 -1313.84043 534.75942 -588.77832 717.43384 512.84192 -1480.44740 749.17985 
Xopt: 1.84129 2.13149 2.16075 0.72766 3.43553 -0.88554 0.73464 0.64045 -0.06965 3.22997 
Fopt: 0.0
F(Xopt): 0.0
