Fitness: -5.491075532921757
Objective: 5.491075532921757
Individual: -1.23969 4.14916 0.68553 3.75341 1.52540 -0.02667 -0.82815 1.68011 -0.54991 -1.31277 
Gradient: -2199.60952 2528.63846 2341.08093 1750.11129 2622.85395 -2392.60804 -1997.80632 896.10084 -1487.63738 -1286.68735 
Xopt: 1.84774 -2.07571 1.09934 0.40350 0.78036 -1.33425 -0.91849 3.87873 3.03346 3.52999 
Fopt: 0.0
F(Xopt): 0.0
