Fitness: -2.854673256537691
Objective: 2.854673256537691
Individual: 2.03153 -1.09471 -2.77572 2.48175 -3.32968 -1.86902 2.40957 4.80232 3.03681 -2.01972 
Gradient: 1344.79894 -480.73489 -1663.41817 1156.15807 -1382.23625 -1242.04064 1792.88721 1229.08060 760.43230 -1464.99754 
Xopt: 1.84846 -3.43206 -3.46304 2.14526 -2.18132 1.28256 2.45339 -3.76146 2.48936 3.56333 
Fopt: 0.0
F(Xopt): 0.0
