Fitness: -4.745590530307155
Objective: 4.745590530307155
Individual: 2.19641 1.54316 -1.24641 4.55900 -0.00874 -4.71653 -3.61176 -4.03678 2.04101 1.53686 
Gradient: 2111.23614 1334.44530 -3108.85519 1907.88425 -1930.26950 -3768.77146 -2222.95204 -2143.16971 2476.09593 1936.46482 
Xopt: 1.84631 0.63700 2.22410 -3.08002 -1.29627 1.43213 0.33776 3.15911 -3.87834 3.46332 
Fopt: 0.0
F(Xopt): 0.0
