Fitness: -3.9347947409345125
Objective: 3.9347947409345125
Individual: 0.83906 2.21139 3.44174 3.97010 -4.41487 4.24399 1.75674 0.12053 -2.20222 -3.11636 
Gradient: 2857.82174 983.58987 1597.31368 1871.18585 -2221.09920 1479.14654 1453.37413 1364.22386 -1854.49842 -1256.49154 
Xopt: 1.84201 0.77513 -2.40163 2.46942 0.47384 1.73127 -3.89349 1.00026 -0.61375 3.26330 
Fopt: 0.0
F(Xopt): 0.0
