Fitness: -4.44735041481539
Objective: 4.44735041481539
Individual: 4.52901 0.10828 2.34239 -3.54573 -1.58621 1.13164 2.22838 3.20416 4.38774 1.34160 
Gradient: 2634.58002 2313.46660 1161.87180 -1478.21240 -2740.49412 1338.04949 1564.14531 2510.09076 1841.07095 2206.45729 
Xopt: 1.84488 3.34971 3.34886 1.43646 -3.37290 -3.80149 1.59401 2.43950 -2.79014 3.39665 
Fopt: 0.0
F(Xopt): 0.0
