Fitness: -31.456841555598043
Objective: 2.1368415555980427
Individual: 0.39329 2.52957 -0.00874 -3.92378 -0.69449 -2.43344 4.19105 5.00000 -2.61702 0.00000 
Gradient: 0.00000 0.00000 -0.00000 -0.00000 -0.00000 -0.00000 0.00000 0.00000 -0.00000 NaN 
Xopt: 1.84631 0.63700 2.22410 -3.08002 -1.29627 1.43213 0.33776 3.15911 -3.87834 3.46332 
Fopt: 29.32
F(Xopt): 29.32
