Fitness: -67.81067325307286
Objective: 0.3806732530728567
Individual: 2.98918 -1.50219 -2.46578 0.00000 2.31725 -4.83655 1.89129 4.56671 3.46441 3.31649 
Gradient: 0.00000 -0.00000 -0.00000 NaN 0.00000 -0.00000 0.00000 0.00000 0.00000 0.00000 
Xopt: 1.84703 -0.71935 -2.33828 -1.33826 3.74205 -3.95106 3.70964 3.51892 3.57756 3.49666 
Fopt: 67.43
F(Xopt): 67.43
