Fitness: 138.18010592491353
Objective: 0.689894075086471
Individual: 0.00000 -4.16390 -1.99559 0.00000 0.60756 0.00000 -1.02769 0.00000 1.74264 3.19497 
Gradient: NaN -0.00000 -0.00000 NaN 0.00000 NaN -0.00000 NaN 0.00000 0.00000 
Xopt: 1.84416 -3.29393 -0.08876 -0.30530 -0.41121 1.58170 -1.77786 2.07969 -2.24604 3.36331 
Fopt: -138.87
F(Xopt): -138.87
