Fitness: -62.53504038088352
Objective: 1.895040380883522
Individual: 4.37093 0.00000 -4.41870 -3.23009 0.70017 -2.30436 2.11630 4.42227 4.49360 1.19092 
Gradient: 0.00000 NaN -0.00000 -0.00000 0.00000 -0.00000 0.00000 0.00000 0.00000 0.00000 
Xopt: 1.84774 -2.07571 1.09934 0.40350 0.78036 -1.33425 -0.91849 3.87873 3.03346 3.52999 
Fopt: 60.64
F(Xopt): 60.64
