Fitness: 103.28429127138118
Objective: 0.6757087286188153
Individual: 4.88411 0.95474 4.35476 -0.67912 -4.73243 -1.72951 1.87221 3.88183 -2.48021 3.69717 
Gradient: 0.00000 0.00000 0.00000 -0.00000 -0.00000 -0.00000 0.00000 0.00000 -0.00000 0.00000 
Xopt: 1.84488 3.34971 3.34886 1.43646 -3.37290 -3.80149 1.59401 2.43950 -2.79014 3.39665 
Fopt: -103.96
F(Xopt): -103.96
