Fitness: -62.98932397340489
Objective: 0.8593239734048908
Individual: 2.80101 1.73770 -2.03501 1.08073 2.13025 2.10043 -1.07292 -0.62248 1.76489 4.33226 
Gradient: 0.00000 0.00000 -0.00000 0.00000 0.00000 0.00000 -0.00000 -0.00000 0.00000 0.00000 
Xopt: 1.84918 3.21158 -0.02542 3.88702 2.85699 3.89937 -2.17474 -3.40165 1.94526 3.59667 
Fopt: 62.13
F(Xopt): 62.13
