Fitness: -32.139374102077824
Objective: 1.1493741020778252
Individual: 2.38927 0.54597 4.50675 0.00000 1.01187 -2.55743 2.11437 0.97517 2.21879 4.34751 
Gradient: 0.00000 0.00000 0.00000 NaN 0.00000 -0.00000 0.00000 0.00000 0.00000 0.00000 
Xopt: 1.84129 2.13149 2.16075 0.72766 3.43553 -0.88554 0.73464 0.64045 -0.06965 3.22997 
Fopt: 30.99
F(Xopt): 30.99
