Fitness: 11.690359137679442
Objective: 0.38964086232055806
Individual: 2.40608 -2.49250 -4.12738 4.43961 -1.62380 1.30482 0.00000 -3.74346 1.22538 4.61504 
Gradient: 0.00000 -0.00000 -0.00000 0.00000 -0.00000 0.00000 NaN -0.00000 0.00000 0.00000 
Xopt: 1.84846 -3.43206 -3.46304 2.14526 -2.18132 1.28256 2.45339 -3.76146 2.48936 3.56333 
Fopt: -12.08
F(Xopt): -12.08
