Fitness: 62.45184416094797
Objective: 2.988155839052027
Individual: 2.25782 0.00000 -1.74457 0.61632 2.24564 2.50945 -4.54745 0.00000 -4.67757 3.99005 
Gradient: 0.00000 NaN -0.00000 0.00000 0.00000 0.00000 -0.00000 NaN -0.00000 0.00000 
Xopt: 1.84201 0.77513 -2.40163 2.46942 0.47384 1.73127 -3.89349 1.00026 -0.61375 3.26330 
Fopt: -65.44
F(Xopt): -65.44
