Fitness: -52.918312439182046
Objective: 3.1883124391820488
Individual: 0.00000 0.00000 -0.17686 4.14791 0.75345 -3.40581 -1.25137 3.21544 -3.20242 -0.34839 
Gradient: NaN NaN -0.00000 0.00000 0.00000 -0.00000 -0.00000 0.00000 -0.00000 -0.00000 
Xopt: 1.84559 1.99336 -1.21352 3.17822 1.66542 -1.18468 -3.03411 2.79930 -3.33424 3.42998 
Fopt: 49.73
F(Xopt): 49.73
